6.5087
6.5087
6.5073
6.4940
6.3712
5.7682
5.3691
5.0492 
4.6696
4.3646
4.1710
4.0458
3.9488
3.8107
3.6415
## >>chng 23 jun 27, from 3.5583 to 3.4936, update Fe+ model to Smyth+19
3.4936
## >>chng 23 jun 27, from 3.4910 to 3.3963, update Fe+ model to Smyth+19
3.3963
## >>chng 23 jun 27, from 3.4145 to 3.3132, update Fe+ model to Smyth+19
3.3132
3.0189
2.5769
2.4771
2.2891
1.4584
1.4589
1.4571
## >> 23 may 15, from 1.4385 to 1.4823, GS updates 21 reactions to UMIST 2012
1.4823
## >> 23 may 15, from 1.4419 to 1.4829 GS updates 21 reactions to UMIST 2012
1.4829
5.9812
5.9812
5.9812
5.9812
5.9811
5.9809
5.9782
5.9536
5.7927
5.5151
5.3449
5.0478
4.6696
4.3665
4.1884
4.0695
3.9990
3.9336
3.8801
3.8188
3.7627
3.6863
3.5765
3.4482
3.2990
3.2802
3.2548
5.9811
5.9811
5.9811
5.9811
5.9811
5.9811
5.9811
5.9811
5.9810
5.9808
5.9781
5.9535
5.7927
5.5152
5.3450
5.0467
4.6887
4.3740
4.1973
4.0739
4.0077
3.9498
3.8905
3.8345
3.7838
3.7292
3.4226
5.9811
5.9811
5.9811
5.9811
5.9811
5.9811
5.9811
5.9811
5.9811
5.9811
5.9811
5.9811
5.9810
5.9808
5.9781
5.9536
5.7922
5.5127
5.3425
5.0662
4.7757
4.4076
# >>chng 21 11 20, from 4.3194 to 4.2965 update OI CS
# >>chng 21 11 21, from 4.2965 to 4.3182, revert user error in reading asserts
# >>chng 23 07 15, from 4.3182 to 4.2931, revert user error in reading asserts
# >>chng 23 07 24, from 4.2931 to 4.3048, fix all-double botches
4.3048
4.1014
4.0517
4.0171
3.9888
5.9811
5.9811
5.9811
5.9811
5.9811
5.9811
5.9811
5.9811
5.9811
5.9811
5.9811
5.9811
5.9811
5.9811
5.9811
5.9811
5.9810
5.9808
5.9781
5.9547
5.8010
5.5267
5.3505
5.0433
4.9338
4.8652
4.8601
5.9997
5.9997
5.9997
5.9997
5.9997
5.9997
5.9997
5.9997
5.9997
5.9997
5.9997
5.9997
5.9997
5.9997
5.9997
5.9997
5.9997
5.9997
5.9997
5.9997
5.9997
5.9997
5.9997
6.0000
6.0015
6.0080
6.0351

